1 in:   for w in model.most_similar("java"):
        print w[0], w[1]

out: 
c# 0.691089808941
scala 0.690422654152
jave 0.667034029961
j2se 0.659074246883
groovy 0.658524632454
clojure 0.64193803072
c++ 0.629195809364
delphi 0.612627983093
golang 0.611768007278
javase 0.610174417496

2 in: print model.similarity('java', 'javascript')
out: 0.370920994829

3 in:   language_vec = model["c#"]
        print type(language_vec)
        print language_vec
out:
<type 'numpy.ndarray'>
[ 1.39376962 -3.10471439  3.54074836  1.62171578  1.07837284 -2.2695086
 -2.32329154  0.40330899  1.11313581  2.83008981  1.17368853 -0.54206306
 -5.01610374  1.58914113  1.51476908 -3.17258596  0.05278836  2.98928761
 -1.34055984 -3.18077397  0.38437608  2.99356794 -0.80128962  1.83356106
 -1.73036385 -0.31148508  0.98455197 -1.62861621  1.61795759  1.12562692
 -0.83099008  0.122524    0.2323999  -1.84231246 -0.57514673  1.21985161
 -1.13381553  0.05311434  1.56478298 -1.96992278  3.45997143  2.52608109
  1.18364811  1.82545555  2.33184576 -2.62406182  0.13889486 -0.26695386
 -2.09627748  0.35063118 -0.88264459  1.63427377  2.55601978  1.09589887
  0.29294553 -2.52611446  0.37654287 -1.18923318  1.12124431 -0.88016796
  0.51295352  3.17239904  0.34410769  3.2326808   3.17995548 -0.24506268
  0.37908706  1.76907241  0.35245508 -3.74140692  1.0279274  -0.84838527
 -0.968328    2.15114903 -1.54030168 -3.27604175 -1.14164853  0.76657778
 -0.77968591 -4.9545207  -0.96000022  1.74421644 -1.46141589  0.2853227
  0.38579559  4.07603455 -0.11632233 -2.45663214  2.63925338  2.71082401
  1.22996509 -1.12867177  1.39727759 -2.16308093 -0.15623066 -1.65214872
 -0.97324002  0.97776109 -0.4983978   1.58656812  2.37655568 -1.10107625
 -1.03700709 -0.45753905  1.84600806  1.72240496 -1.91501832 -1.0666399
 -0.57284868  2.59508777 -0.33046988  0.48591149 -0.17706606  1.38959348
 -0.16074708  2.44151688  1.27643168  0.6993832  -0.44683805  1.16780257
  2.06555462  0.79941273 -1.72060645  1.74964201 -1.55752242 -0.44969943
  2.06649566  1.82017016 -0.57691658 -0.78566653 -0.53180051  2.68553782
 -0.42990834 -0.06251534  1.29954934 -2.78424597 -0.71268398 -4.13858175
  4.62348509  0.59863251  0.30982912  0.81011152 -2.31966233  0.40562779
  1.63980591  3.10653043 -1.11612737 -0.46445629 -0.71603215  0.01938733
 -0.20699568 -0.30523604  2.77780771 -0.08447541 -0.19719607  2.98573208
 -0.9266507   0.19610924 -1.29389644 -1.31074476  1.72014225  0.51149136
  1.59291577  2.52282643 -1.63082552  0.8427549  -0.0762938   0.70384055
  0.86772555  2.72707558  1.7012527   2.92809296  0.29717284  0.18943404
 -3.22703671  3.01790071 -1.40654135  2.40730476  0.37426403 -1.43402529
 -1.08067966 -0.21184723  1.22021723 -0.35737666  0.11360525 -2.63747454
  1.17932343  1.08203208 -0.97818762 -0.88687599  2.03250837  2.69599843
  1.6354059   0.2216827  -1.09085786  1.29465747  3.04262686 -1.49358857
 -2.47977567 -1.13861823]
